$ANSIBLE_VAULT;1.1;AES256
66306336376666663564626434613734393166636665346335363138666165396462626264333130
6439346665316564363362663633646435353136653030640a316563323438333431323131383331
36306235633265303865363835623466373565373565393563383964373736323866313064653738
3462663535393033340a643937613435333235643135373438383836326131656635656530626662
30613734346338346564656663363162346137303830323134656266303864663865383133363631
65663634666231643738613832393761366564373935633337396439353238326461633364323363
30333261626262363566343337373939323662396266656637366538653734613632656161666638
36316631393930656464353431303731373661393462316565353233666534326166646461656334
38613162623133363437626464656230336365653264313463373266313034666165333834346163
64633664303630373966663162636536383434373432393662393361323362613563316464376335
34343561366331383564316238303438636462643066396330393563666162656437646539333761
30386265626164346634396634653265613837386166353538643964363939313134363763306666
30656333303766393462333261323265333763393637316632626164336362303133633463316535
61623962316235323830336238623637616138393965366162353863313731623630356133663733
33363730323830656339643261396238343433643763326432653666393864626137656466393463
31333062353639313630303439353434313362346331306466346661663864313832373333336131
37663631666163383736353663303465633365643636386561663937623038336364666232616632
30663038383864353861303863643934353238353833323839623266633431386662323462316139
64303265353230356364356536313365666233373732613362653138343933316139356639653837
33323233366166666336646634363335323765383939363838623766633363396361396336366238
65633039366536376666366230373837386430656438646230323566666336613061353032333933
36363565353338623834383836346362396661633865653934633337616435363131336230376437
36333764373866326533366266653564393734316431366130633362366334356236636563646463
64623936636333343339336564336663376664386334613431393730376434373164343162356534
6336
